000021
000048
000417
000506
000524
000547
000573
000620
000672
000759
000810
000811
000887
000892
000901
000920
000933
000948
000977
001207
001208
001229
001365
001395
002038
002067
002115
002121
002144
002152
002156
002185
002202
002208
002274
002281
002317
002342
002346
002350
002361
002364
002384
002396
002402
002409
002414
002436
002467
002479
002490
002524
002544
002546
002548
002552
002579
002606
002623
002632
002642
002674
002677
002681
002693
002745
002757
002774
002815
002828
002829
002841
002845
002851
002865
002907
002910
002916
002951
002970
002975
002989
003001
003009
003018
003020
300017
300065
300069
300255
300369
300454
300469
300626
300786
301117
301202
301251
301321
301379
301607
600072
600094
600113
600118
600129
600192
600206
600228
600288
600293
600343
600350
600353
600376
600410
600418
600428
600513
600584
600602
600629
600664
600667
600685
600749
600756
600770
600800
600821
600879
600909
600992
601608
601698
601858
603005
603061
603110
603127
603137
603151
603155
603156
603162
603183
603211
603222
603223
603236
603270
603285
603286
603296
603313
603322
603329
603339
603380
603496
603538
603556
603559
603578
603661
603666
603688
603698
603726
603757
603813
603881
603898
603928
603933
603986
603991
605090
605178
605319
605358
605598
688328
688333
688371
688432
688523
688584
688610
688710
688720
688722